0,409
0,408
0,407
0,406
0,405
0,404
0,403
0,402
0,401
0,400
0,399
0,398
0,397
0,396
0,395
0,394
0,393
0,392
0,391
0,390
28,4
28,3
28,2
28,1
28,0
27,4
27,3
27,2
27,1
27,0
0,389
0,278
0,388
0,387
0,386
0,385
0,384
26,6
26,5
26,4
26,3
26,2
26,1
26,0
0,319
0,318
25,6
25,5
25,4
25,3
25,2
25,1
25,0
0,283
0,243
24,3
24,2
0,9
24,1
24,0
23,52
23,51
23,50
23,49
23,48
23,47
23,46
23,45
23,44
23,43
23,42
23,41
23,40
23,39
23,38
23,37
23,36
23,35
3,2
10,143
10,17
10,117
10,2
10,3
11,11
11,5
11,7
11,9
11,2
11,3
9,5
9,2
9,3
8,4
8,8
8,11
8,2
8,3
12,2
12,1
12,3
11,27
11,26
11,25
11,24
11,23
11,22
11,21
11,20
11,1
11,19
10,309
10,308
10,307
10,306
10,305
10,304
10,303
10,302
10,301
10,300
10,299
10,298
20,2
10,297
20,1
20,3
